4224.0 154.3125 116.634384 114.41667
5240.0 151.2 81.399994 152.8
6241.0 188.4 72.82 81.11111
7258.0 158.9375 82.19062 112.0
8275.0 138.8125 100.546875 116.04167
9291.0 160.6875 86.625 92.833336
10308.0 121.5 90.13125 234.79166
11325.0 124.566666 93.28 154.48889
12341.0 173.93333 84.48 201.46667
13358.0 184.4375 86.831245 208.41667
14375.0 178.36667 68.310005 117.86667
15391.0 175.86667 82.72 189.2
16407.0 175.23334 83.27 114.57778
17425.0 173.78125 87.96562 77.708336
18441.0 201.86667 107.35999 270.53333
19458.0 183.8125 98.174995 242.75
20475.0 191.21875 109.41563 294.6667
21492.0 206.40627 110.85937 354.875
22508.0 227.5625 91.1625 341.875
23524.0 211.71875 97.55625 452.16666
24525.0 206.1 90.53 376.97778
25540.0 217.20001 129.36 399.19998
26541.0 165.66667 122.87 400.2667
27557.0 162.90625 102.09374 304.0833
28575.0 151.40625 104.3625 302.25
29591.0 165.0625 96.112495 251.25
30607.0 118.59375 90.44062 275.1667
31624.0 112.18751 61.874996 102.5
32641.0 97.66667 59.399998 30.711111
33658.0 109.96666 61.16 5.3777776
34674.0 126.09374 52.28437 5.4583335
35675.0 108.100006 63.03 87.86667
36692.0 107.96875 40.528126 92.20833
37708.0 131.8 49.83 22.71111
38725.0 115.78125 47.540623 8.041666
39741.0 117.33333 55.769997 10.533334
40742.0 88.70589 53.770584 74.15686
41758.0 112.71875 42.590626 110.458336
42775.0 141.8125 55.89375 25.5
43791.0 127.34375 54.759373 4.7083335
44792.0 124.875 52.28437 10.791667
45808.0 131.34375 53.31562 22.625
46825.0 92.78125 58.9875 146.375
47842.0 110.28125 64.453125 126.125
48859.0 107.03125 53.728123 5.3333335
49876.0 94.0 46.75 4.4888887
50893.0 91.40625 34.134373 4.4166665
51909.0 103.16667 36.19 8.755556
52910.0 94.566666 40.81 4.5333333
53927.0 107.4375 45.478123 33.0
54943.0 112.18751 37.434376 4.5
55960.0 90.90625 39.084373 49.5
56977.0 115.41176 40.085293 4.901961
57994.0 93.78125 38.671875 37.791668
59011.0 100.96876 46.715626 21.75
60027.0 109.16667 37.07 28.48889
61028.0 90.25 39.290623 45.0
62044.0 114.28125 32.175 7.666667
63046.0 106.6875 44.653126 46.458332
64061.0 104.84375 37.846874 4.541667
65079.0 100.399994 45.32 51.28889
66095.0 118.625 44.034374 4.625
67112.0 88.15625 24.234375 32.75
68113.0 98.3125 28.359375 4.5
69130.0 84.83333 22.33 4.888889
70147.0 71.933334 31.129997 4.577778
71163.0 81.066666 29.26 4.5333333
72180.0 91.90625 27.637499 4.875
73181.0 84.1875 27.637499 4.75
74198.0 75.53125 25.884375 4.458333
75213.0 95.0 26.51 4.8
76214.0 82.75 23.30625 4.5
77231.0 79.0 20.934374 4.4166665
78248.0 86.0625 25.265625 4.458333
79265.0 109.43333 29.149998 4.4888887
80281.0 83.0625 25.36875 4.458333
81282.0 82.0 24.64 4.8
82283.0 82.375 21.24375 4.458333
83299.0 89.4375 25.265625 4.458333
84316.0 87.53125 23.71875 4.6666665
85333.0 88.59375 28.05 4.458333
86349.0 75.96667 28.380001 4.444444
87350.0 94.76666 26.730001 4.622222
88351.0 73.73333 26.51 4.6666665
89367.0 72.125 22.89375 4.166667
90384.0 88.78125 20.625 4.125
91401.0 75.5 19.284374 4.083333
92402.0 71.625 20.728125 4.25
93418.0 88.03125 17.221874 4.2083335
94435.0 70.433334 17.269999 4.177778
95451.0 82.25 17.840624 4.2916665
96452.0 74.0 20.2125 4.125
97469.0 79.8125 22.378124 4.2916665
98486.0 81.21875 17.428125 4.083333
99502.0 74.625 20.00625 4.2916665
100519.0 81.5625 18.5625 4.0416665
101535.0 73.28125 18.975 4.2916665
102537.0 83.100006 15.950001 4.133333
103553.0 80.63333 18.15 4.2222223
104554.0 80.84375 20.109375 4.166667
105570.0 77.8125 19.903124 4.2083335
106587.0 87.15625 19.387499 4.2916665
107588.0 77.3125 14.128124 4.0416665
108604.0 73.53125 15.05625 4.083333
109621.0 66.3 16.06 4.0
110638.0 61.033333 13.419999 4.0
111655.0 64.78125 14.540625 4.083333
112671.0 60.09375 14.23125 4.0
113689.0 63.406254 14.025 4.0
114704.0 75.166664 16.28 4.133333
115721.0 74.75 12.890625 4.0416665
116739.0 65.26471 7.861765 4.0392156
117740.0 70.9 10.12 4.0
118757.0 60.625 8.25 4.0
119774.0 70.96875 8.04375 4.0
120790.0 59.781246 8.559375 4.0
121807.0 60.062496 8.971875 4.0
122808.0 71.40625 7.3218746 4.0
123824.0 58.59375 8.45625 4.0
124840.0 68.9375 8.25 4.0
125858.0 65.09375 8.559375 4.0
126875.0 64.4 9.13 4.0
127892.0 64.8 9.24 4.0
128909.0 59.900005 10.45 4.0
129925.0 64.066666 7.7 4.0
130926.0 58.999996 4.7299995 4.0
131942.0 56.53333 2.64 4.0
132943.0 51.4 3.3 4.0
133960.0 49.5625 2.1656249 4.0
134976.0 51.86667 3.6299999 4.0
135993.0 48.90625 2.578125 4.0
137010.0 51.28125 2.784375 4.0
138011.0 51.26667 2.86 4.0
139027.0 51.0 1.9593751 4.0
140044.0 46.78125 2.1656249 4.0
141061.0 48.86667 3.08 4.0
142078.0 49.3125 3.7124999 4.0
143095.0 55.73333 2.64 4.0
144111.0 50.26667 2.86 4.0
145128.0 46.6 3.08 4.0
146144.0 48.033333 3.41 4.0
147161.0 51.066666 2.64 4.0
148162.0 50.53125 2.6812499 4.0
149180.0 47.71875 2.1656249 4.0
150195.0 58.0 3.96 4.0
151212.0 60.250004 3.09375 4.0
152229.0 58.437504 3.403125 4.0
153231.0 48.933334 2.9699998 4.0
154248.0 53.65625 2.990625 4.0
155264.0 56.1875 3.9187503 4.0
156280.0 58.76667 4.62 4.0
157298.0 67.3125 5.56875 4.0
158315.0 58.218746 7.63125 4.0
159331.0 63.03333 6.7099996 4.0
160349.0 61.21875 5.775 4.0
161365.0 49.375 6.80625 4.0416665
162366.0 58.933334 7.040001 4.0
163383.0 55.0 5.15625 4.0
164399.0 55.90625 6.496875 4.0
165416.0 58.718754 6.39375 4.0
166433.0 48.625 6.1875 4.0
167449.0 49.875 7.528125 4.0
168467.0 61.199997 6.9299994 4.0444446
169483.0 60.781254 6.496875 4.0
170484.0 60.5 6.1875 4.0
171501.0 61.0 6.290625 4.0416665
172516.0 60.75 8.146874 4.0
173517.0 66.73333 15.509998 4.0
174518.0 76.666664 16.06 4.0444446
175535.0 67.9 15.84 4.0
176551.0 68.066666 13.859999 4.0444446
177553.0 71.5 15.05625 4.0416665
178569.0 67.90625 15.881249 4.083333
179586.0 65.90625 12.684375 4.125
180602.0 66.4375 12.58125 4.083333
181603.0 57.8125 15.159374 4.083333
182619.0 69.03333 20.79 4.0444446
183620.0 70.375 13.303125 4.0
184637.0 85.03334 15.509998 4.133333
185654.0 79.34375 27.84375 4.625
186670.0 73.65625 25.471874 4.5
187671.0 90.83333 26.95 4.888889
188687.0 85.59375 25.471874 4.6666665
189704.0 70.21875 26.709375 4.458333
190721.0 94.9375 24.3375 4.6666665
191737.0 90.0 24.440624 4.7916665
192739.0 75.1875 24.543749 4.4166665
193755.0 85.8 25.74 4.7555556
194772.0 91.21875 29.287498 4.916667
195789.0 77.833336 28.600002 4.4888887
196806.0 84.53125 24.13125 4.875
197822.0 103.5625 36.609375 58.083332
198823.0 107.33333 39.16 11.066667
199840.0 117.66667 45.649998 51.155556
200856.0 106.125 46.81875 19.333332
201873.0 109.21875 38.465626 22.25
202890.0 95.53125 38.053123 16.333332
203907.0 105.65626 47.128124 7.0
204924.0 90.53125 41.146873 4.7083335
205940.0 92.9375 42.899998 4.916667
206957.0 112.333336 44.989998 4.577778
207976.0 105.63333 41.69 7.733334
208991.0 115.0625 39.703125 4.5
210008.0 103.96875 51.04687 19.291666
211009.0 109.8125 46.096874 4.5833335
212025.0 114.3 51.48 33.555557
213026.0 122.566666 47.63 18.044445
214043.0 138.1875 66.4125 21.0
215059.0 150.16667 73.26 149.6889
216076.0 130.90625 73.21875 35.541664
217077.0 157.375 80.643745 63.625
218094.0 149.25 63.628124 44.875
219110.0 177.6875 45.478123 103.291664
220128.0 125.09375 75.487495 68.958336
221143.0 143.3125 70.22813 13.249999
222161.0 138.90625 72.08437 39.875
223162.0 161.5 58.88437 102.20833
224179.0 119.75 72.90937 135.54167
225195.0 156.73334 79.42 25.822222
226211.0 147.65625 68.268745 22.791668
227228.0 138.46875 65.484375 105.25
228229.0 148.0 75.57 197.33334
229245.0 145.0 73.32188 15.666667
230263.0 137.09375 75.9 52.0
231279.0 157.90625 66.0 35.666664
232281.0 200.36667 85.36 300.8889
233297.0 218.4375 95.7 356.25
234314.0 195.86667 109.450005 381.06665
235330.0 201.3 100.32001 381.60004
236347.0 167.4375 117.04688 367.91666
237348.0 168.16667 106.37001 389.02222
238365.0 144.1875 100.340614 252.58334
239382.0 170.6875 118.28437 233.125
240398.0 213.43752 105.80626 243.75
241414.0 203.06252 107.6625 209.79166
242416.0 192.375 97.04063 188.33333
243433.0 209.03333 99.11 292.31113
244449.0 215.1875 99.0 376.91666
245466.0 197.15625 103.02187 340.7917
246482.0 209.06668 99.11 380.0
247484.0 216.28125 90.02812 423.625
248500.0 188.65625 97.24687 383.2083
249515.0 153.6 94.93 356.97778
250517.0 168.65625 104.05313 329.2083
251534.0 144.34375 111.99375 269.625
252551.0 161.84375 127.049995 252.74998
253568.0 179.4 107.03 302.26666
254584.0 209.43332 96.25 275.9111
255585.0 210.31252 100.65 250.66667
256601.0 222.4 121.439995 245.51111
